0.00016 0.00098 0.0039 3.84 5.02 6.63
0.020 0.051 0.10 5.99 7.38 9.21
0.11 0.22 0.35 7.81 9.35 11.34
0.30 0.48 0.71 9.49 11.14 13.28
0.55 0.83 1.15 11.07 12.83 15.09
0.87 1.24 1.64 12.59 14.45 16.81
1.24 1.69 2.17 14.07 16.01 18.48
1.65 2.18 2.73 15.51 17.53 20.09
2.09 2.70 3.33 16.92 19.02 21.67
2.56 3.25 3.94 18.31 20.48 23.21
3.05 3.82 4.57 19.68 21.92 24.72
3.57 4.40 5.23 21.03 23.34 26.22
4.11 5.01 5.89 22.36 24.74 27.69
4.66 5.63 6.57 23.68 26.12 29.14
5.23 6.26 7.26 25.00 27.49 30.58
5.81 6.91 7.96 26.30 28.85 32.00
6.41 7.56 8.67 27.59 30.19 33.41
7.01 8.23 9.39 28.87 31.53 34.81
7.63 8.91 10.12 30.14 32.85 36.19
8.26 9.59 10.85 31.41 34.17 37.57
8.90 10.28 11.59 32.67 35.48 38.93
9.54 10.98 12.34 33.92 36.78 40.29
10.20 11.69 13.09 35.17 38.08 41.64
10.86 12.40 13.85 36.42 39.36 42.98
11.52 13.12 14.61 37.65 40.65 44.31
12.20 13.84 15.38 38.89 41.92 45.64
12.88 14.57 16.15 40.11 43.19 46.96
13.56 15.31 16.93 41.34 44.46 48.28
14.26 16.05 17.71 42.56 45.72 49.59
14.95 16.79 18.49 43.77 46.98 50.89