6.314 12.706 31.821
2.920 4.303 6.965
2.353 3.182 4.541
2.132 2.776 3.747
2.015 2.571 3.365
1.943 2.447 3.143
1.895 2.365 2.998
1.860 2.306 2.897
1.833 2.262 2.821
1.813 2.228 2.764
1.796 2.201 2.718
1.782 2.179 2.681
1.771 2.160 2.650
1.761 2.145 2.625
1.753 2.131 2.603
1.746 2.120 2.584
1.740 2.110 2.567
1.734 2.101 2.552
1.729 2.093 2.540
1.725 2.086 2.528
1.721 2.080 2.518
1.717 2.074 2.508
1.714 2.069 2.500
1.711 2.064 2.492
1.708 2.060 2.485
1.706 2.056 2.479
1.703 2.052 2.473
1.701 2.048 2.467
1.699 2.045 2.462
1.697 2.042 2.457